T1003: 0.936496494067585
T1003.006: 0.06538283412953572
T1016: 0.9921291527604005
T1018: 0.21057245080108178
T1020: 0.45965808763761096
T1021.001: 0.4625452797180253
T1021.002: 0.019451877425439523
T1021.003: 0.4823035442629948
T1021.005: 0.5653929755688284
T1021.006: 0.5668303006850502
T1030: 0.7963222460881326
T1033: 0.5605042384885176
T1039: 0.8848791038117932
T1040: 0.1619646328539992
T1041: 0.042829626044362024
T1046: 0.9494136646394935
T1047: 0.39787080802126207
T1048: 0.9534362697204602
T1048.002: 0.4275829157166673
T1048.003: 0.9140682233369264
T1049: 0.6281472695930672
T1070: 0.24550302198653828
T1070.005: 0.11364642977327699
T1071.001: 0.8538515292767875
T1071.004: 0.22779907861140392
T1078.003: 0.47355943304737835
T1078.004: 0.8126181889042788
T1087.002: 0.10001046207537834
T1090.001: 0.4368672872005027
T1090.003: 0.6707278479623145
T1095: 0.34427290658839615
T1105: 0.7112873036112036
T1132.001: 0.18658098603739393
T1133: 0.09250967545828381
T1135: 0.3781164667789674
T1176: 0.17853329113401017
T1187: 0.7035930082177959
T1195: 0.7228962530575628
T1197: 0.5536742761487929
T1207: 0.39161044248309396
T1218: 0.27126683808217766
T1218.003: 0.0003132254711000204
T1218.005: 0.7182515687004057
T1218.007: 0.3487804752010015
T1218.010: 0.2689423274714645
T1219: 0.3838748921088868
T1221: 0.9257820368321147
T1482: 0.045853694129721956
T1486: 0.8464612877832441
T1491.001: 0.6398258616949812
T1496: 0.4713847591850797
T1505.003: 0.408514022450583
T1518: 0.23045123838110193
T1518.001: 0.6482065214128465
T1529: 0.42237309648048116
T1557.001: 0.5327870221413937
T1558.001: 0.19714326134135995
T1558.002: 0.41324963891754274
T1562: 0.833140087665868
T1562.001: 0.7323144427216423
T1562.002: 0.20867951984195499
T1562.003: 0.3717268319591316
T1562.004: 0.8714561084489365
T1562.006: 0.4824699336352435
T1562.008: 0.5309201801572373
T1563.002: 0.2624556203846369
T1566.001: 0.14084364058732546
T1567.002: 0.8673586298933675
T1567.003: 0.43981193217263925
T1570: 0.8123499913660324
T1571: 0.07046011418230369
T1572: 0.07988990507276239
T1573: 0.8800310429266237
T1606.002: 0.6903872967711393
T1612: 0.39107291395790256
T1615: 0.9725867948598005
